Train Losses:
7.226636324512715
5.289914909674197
4.223919680459159
3.67088894707816
3.3223771516783245
3.087419946548195
2.906505578599935
2.7460551899167607
2.689131503591732
2.576736643460332
2.472831770004406
2.404819308356015
2.368481240272522
2.282078535396921
2.209859057640543
2.2104602320757274
2.1658687743084077
2.0998227404713976
2.109153153472322
2.068419309788473
2.0306097355111348
1.9880852603078236
1.9340242465939537
1.9258999765301585
1.9188905437069106
1.8952256125680906
1.8606998530351733
1.8406872935892888
1.8154654007958948
1.7994800693300652
1.7949700862673212
1.7928601535207676
1.7444430030956213
1.7794847533445664
1.7863385895320347
1.7045148757734383
1.7152254819452937
1.6953056405654106
1.6911048606116292
1.6735182203009247
1.678190870076505
1.655427286465036
1.6446255716846565
1.6729172534219725
1.6661915486338534
1.6530357685450563
1.6284419973668134
1.635018197774192
1.5977543860482752
1.6401291215245994
1.5666172141305907
1.6095840614391137
1.639239627599021
1.5427791220523177
1.5623069206688216
1.5554282169925924
1.5340934222919254
1.5592366562779374
1.5653651903391579
1.5782307515269465
1.5181936686935646
1.521794041405614
1.5040263224343169
1.522093472466872
1.5291447634460626
1.534423218600604
1.5170534783688647
1.497659580047207
1.4823571242396407
1.5004006516759667
1.473740789063123
1.4831233205322623
1.4781041043562375
1.4731786199352832
1.4750808748072854
1.46119110328463
1.4573878492349785
1.4454198404651342
1.4465112012607364
1.4840021717583125
1.4503273214195629
1.4603636221704956
1.4367807068421612
1.4282433748940337
1.4157379815043236
1.406831985701625
1.3623207981454388
1.3030608592714583
1.2967399234882944
1.3152187157789403
1.288848136131687
1.2724255786206216
1.2832084874856575
1.2555389692901522
1.2759590448512976
1.27381446810575
1.270788579779533
1.2730464039877623
1.2578347031229091
1.254647183432176
1.2414255134287797
1.2195275145856006
1.2403990837158336
1.2297562631017613
1.2485816328310062
1.2253575299015547
1.2575281408298815
1.2338912293375754
1.2383764851406087
1.19340803776121
1.1812865308839449
1.174721393654715
1.172999739549598
1.155197423540121
1.1917495960674898
1.1554867970769676
1.1740929601630385
1.1771375963222181
1.1763030809285688
1.155306493394924
1.1595832809970956
1.1704352543166359
1.151554043376411
1.1781666435931237
1.1452658699135738
1.1814095872067154
1.180679114066477
1.182680706018609
1.1296689945407234
1.1490925818351545
1.1432436050131438
1.1529502177933562
1.1672212233974357
1.140228911113461
1.1238472579867083
1.1616869127785152
1.1420274511509665
1.1693748835154942
1.141606345440834
1.1465896847574772
1.1470610444816833
1.129496408162242
1.1337454864791114
1.1343399434047954
1.1291811226130226
1.1600404699481264
1.1503269117010577
1.1472165960473153
1.1326182609257822
1.1497119767464286
1.1249047647342738
1.131396269784377
1.122584384912652
1.1142969678094714
1.0957060295082737
1.089772678992491
1.1213094799442125
1.0874971864800411
1.1141235427745229
1.104671628871395
1.1022563905271079
1.108013472487558
1.1022364539099156
1.0935756060958952
1.1064581096554638
1.093199073232645
1.085879709254896
1.0817658348472752
1.0799756133243572
1.0825420221017332
1.1033580779612238
1.0852128903302785
1.0934016180177473
1.068807827126528
1.0775194518559181
1.0771245756788783
1.0851735895785228
1.0840333725203577
1.0794543087517208
1.07854153195206
1.0817658346248438
1.0832099579235555
1.0722226916110202
1.0736271825059163
1.0788260541643415
1.0649630815155653
1.0885309017017353
1.0566554065626494
1.075731331481878
1.0671582000665691
1.0841039534282406
1.0840775088596621
1.059406204807515
1.0532983675086462
1.0707981928792014
1.068280708991404
1.085592201791769
1.072294821614079
1.07165986755499
1.0757107646402744

Validation Losses:
5.317541819202656
3.5501150730678015
2.4823886207658417
2.2028659571433553
2.127746334854437
1.6870716229263618
1.5287929700345408
1.5574745139297175
1.4160233900498371
1.1172923996983741
1.4763314762893989
1.0736064248182335
0.9907510796371771
0.9455803398210175
1.1485712757889106
1.0241933324385661
0.9809409236907959
0.8764449947707507
0.8991352024856879
0.8580473989369918
0.9261762362110372
0.86547044929193
0.8026682618199562
0.9541624507125543
0.7433581320120364
0.8355209667828618
0.8552205704669563
0.9312439795902797
0.737519128760513
0.7980290767124721
0.7372304122301997
0.9286544122501296
0.6757908274202931
0.6455922942258874
0.6899226247047892
0.8090498159369643
0.7150822023469574
0.6009427467657595
0.6987028118055694
0.6384450745096012
0.6897541803243209
0.6836047636732763
0.9028617734325175
0.6033607909144187
0.843038371728391
0.6492272970627765
1.0101402457879514
0.5644593764324577
0.6882597140876614
0.8948045166171327
0.5793955948888039
0.685493352267207
0.5781720225665035
0.6249084216721204
0.5641173000724948
0.6208205585090482
0.7264588700508585
0.6204480608142152
0.5414737773428158
0.6828761895822019
0.6183386592475736
0.6279045655776043
0.5621413157910716
0.6361783191135951
0.6671714671777219
0.6419240810433212
0.7306049969731545
0.5482335146106019
0.5674546129849493
0.5385543941964909
0.5678151043093934
0.5574393421289873
0.6452219422009526
0.5830071225458262
0.5819273666459687
0.5691296640707522
0.6146608773056341
0.5596101418320013
0.6141423852103097
0.6534900049287445
0.7672163838756327
0.8800366738377785
0.6126465168777777
0.6480624039319097
0.9079562399338703
0.7073301559565018
0.6094526383341575
0.5447613715152351
0.5890475680876751
0.6334610786243361
0.5347626052583967
0.5566863731462128
0.5014356734801312
0.5760082131016011
0.5460344555913186
0.5678901231532194
0.5971503118592866
0.5178262701813056
0.5802596107794314
0.5219920913540587
1.3659015147540035
0.5899338675518425
0.5606395469393048
0.5800060126246238
0.8000457341330393
0.5849281924111502
0.5799933973623782
0.5930251775469099
0.5560163385040906
0.5195827791642169
0.5447215272942368
0.5411194421807114
0.5086571992173486
0.5351384719537229
0.5446676970501335
0.8266667434147426
0.5384309392072717
0.5444559605267583
0.6959697390575799
0.5306523533256686
0.4986188622883388
0.599912421557368
0.5245770716180607
0.5766549848050487
0.5643166426249913
0.5405702462488291
0.613817932070518
0.5548453544110667
0.5242596029748722
0.5429921189133002
0.5570289181689827
0.5259909981124256
0.5576675836407409
0.5117238932239766
0.5328722469174132
0.4933903881968284
0.5044877506762134
0.5358103449490605
0.5052500869789902
0.5198429777184311
0.5808822145267408
0.5530700904495862
0.5609674946142703
0.5965678709380481
0.5313281410567614
0.6072961905537819
0.5573994329024334
0.5553916791993745
0.5483906431587375
0.5771659518261345
0.6752062270106102
0.6072249192607646
0.5533520996327302
0.620977900271513
0.616176048395585
0.55433091445845
0.5624550395109216
0.5338825944005227
0.5673848046088705
0.5974197088942236
0.5644203113049877
0.5493512038795315
0.536636045125066
0.5481006626207001
0.5191843511620347
0.5408359427354774
0.5505965951997407
0.6766364799227034
0.5277850576322906
0.5572689147871368
0.5235641115538928
0.8277772483047174
0.5323972305959584
0.5477747820834724
0.5465826452021696
0.5321125453832198
0.5438911118799327
0.5313699121864475
0.5674219059457585
0.9957739892297861
0.5508130853030146
0.5463033558397877
0.5357602088305415
0.5521950254634935
0.601178529505827
0.625127875172362
0.5546452278993568
0.6525366254728667
0.538967652904744
0.5740378074256741
0.5491898243767874
1.2379628195081438
0.6345311618337826
0.5752163370288148
0.5443762284882214
0.8769210371679189
0.5496186205805564
0.537140700865765
0.5479746966459313
0.6652658044075479

Train Accuracies:
8.787172011661808
26.94460641399417
43.113702623906704
51.24198250728863
56.43148688046647
60.30320699708455
63.28862973760933
66.1807580174927
67.08454810495627
68.78134110787173
69.97667638483965
70.62973760932945
71.36443148688046
72.12827988338192
72.96209912536443
73.18950437317784
73.87755102040816
74.74052478134111
74.4198250728863
75.33527696793003
76.39067055393586
76.01749271137027
77.32361516034986
77.33527696793003
77.60349854227405
77.42857142857143
78.01166180758017
78.02915451895043
78.67638483965014
78.59475218658892
79.09620991253644
79.10787172011662
79.73177842565597
79.32944606413994
79.47521865889213
79.865889212828
80.06997084548105
80.43731778425656
80.57725947521865
81.4402332361516
80.71720116618076
81.07871720116619
81.49854227405248
81.21865889212827
81.1137026239067
81.33527696793003
81.66763848396502
81.37026239067055
81.71428571428571
81.50437317784257
82.30903790087464
81.85422740524781
81.533527696793
83.33527696793003
83.2069970845481
82.8862973760933
83.38775510204081
83.16618075801749
82.91545189504373
82.85131195335276
83.17201166180757
83.67930029154519
83.79008746355684
83.52769679300292
83.34693877551021
83.8192419825073
83.34693877551021
83.73177842565597
83.82507288629738
83.55102040816327
84.44314868804665
84.04081632653062
84.1399416909621
83.95918367346938
84.31486880466473
84.47813411078717
84.6472303206997
84.81049562682216
84.75218658892128
84.50145772594752
85.07288629737609
84.73469387755102
85.11953352769679
85.3061224489796
85.61516034985422
85.65597667638484
86.70553935860059
87.27696793002916
87.26530612244898
86.95043731778425
87.6268221574344
87.83090379008746
87.8134110787172
87.92419825072886
87.60932944606414
87.7201166180758
87.8600583090379
87.80758017492711
88.03498542274052
87.93002915451895
88.12827988338192
88.99708454810495
88.20991253644316
88.68804664723032
88.59475218658892
88.62390670553935
88.29737609329446
88.29737609329446
88.4198250728863
89.3935860058309
89.70845481049562
89.52769679300292
89.76093294460641
89.8192419825073
89.55102040816327
90.16909620991254
89.72594752186589
89.7201166180758
89.76093294460641
89.9533527696793
90.20991253644316
89.71428571428571
89.88338192419825
89.87755102040816
90.09912536443149
89.64431486880467
90.05247813411079
89.79591836734694
90.134110787172
90.34402332361516
89.93586005830903
90.04081632653062
89.80758017492711
90.47813411078717
90.43148688046647
89.93586005830903
90.19241982507289
90.12827988338192
90.09912536443149
90.26822157434403
90.28571428571429
90.3731778425656
90.43731778425656
90.40233236151603
90.34985422740525
90.03498542274052
90.01749271137027
90.134110787172
90.59475218658892
90.54810495626822
91.06122448979592
90.21574344023324
90.6938775510204
90.57142857142857
91.32944606413994
91.09037900874635
90.80466472303208
90.932944606414
90.65306122448979
90.7930029154519
91.11953352769679
90.57725947521865
91.23032069970846
90.87463556851311
91.00291545189505
91.01457725947522
91.37609329446065
91.10204081632654
91.4868804664723
91.61516034985422
91.10204081632654
91.09620991253644
90.69970845481049
91.42274052478135
91.32361516034986
91.1603498542274
91.07871720116619
90.99125364431487
91.49271137026238
91.54518950437318
91.32361516034986
90.86880466472303
91.38775510204081
91.18367346938776
90.85714285714286
91.46355685131195
91.07288629737609
91.48104956268222
91.07288629737609
91.533527696793
91.47521865889213
91.11953352769679
91.68513119533527
91.31778425655976
91.48104956268222
91.58600583090379
91.56851311953353
91.15451895043732
91.2069970845481
91.1137026239067

Validation Accuracies:
39.57142857142857
78.42857142857143
86.83673469387755
90.6938775510204
85.87755102040816
91.48979591836735
95.95918367346938
94.71428571428571
94.36734693877551
97.48979591836735
94.83673469387755
96.95918367346938
95.63265306122449
96.61224489795919
96.71428571428571
97.71428571428571
97.81632653061224
97.14285714285714
97.36734693877551
97.95918367346938
98.06122448979592
98.51020408163265
98.3265306122449
97.55102040816327
97.91836734693878
97.61224489795919
98.0
96.22448979591837
98.61224489795919
96.79591836734694
98.22448979591837
96.75510204081633
98.40816326530613
98.08163265306122
98.42857142857143
97.28571428571429
98.85714285714286
99.06122448979592
98.53061224489795
98.73469387755102
98.61224489795919
98.42857142857143
97.34693877551021
98.61224489795919
97.40816326530613
98.57142857142857
96.08163265306122
98.95918367346938
99.06122448979592
95.61224489795919
99.12244897959184
98.91836734693878
98.87755102040816
98.75510204081633
99.08163265306122
98.18367346938776
98.36734693877551
98.9795918367347
99.06122448979592
98.83673469387755
98.89795918367346
99.08163265306122
98.9795918367347
98.95918367346938
98.46938775510205
98.85714285714286
97.9795918367347
98.85714285714286
98.63265306122449
98.89795918367346
98.87755102040816
99.24489795918367
98.42857142857143
98.9795918367347
98.91836734693878
99.06122448979592
98.81632653061224
98.77551020408163
99.10204081632654
98.87755102040816
98.22448979591837
98.79591836734694
99.10204081632654
99.18367346938776
96.87755102040816
98.95918367346938
99.18367346938776
99.20408163265306
99.08163265306122
99.18367346938776
99.24489795918367
99.10204081632654
99.26530612244898
99.26530612244898
99.18367346938776
98.83673469387755
98.83673469387755
99.24489795918367
99.16326530612245
99.22448979591837
94.63265306122449
99.10204081632654
99.16326530612245
99.22448979591837
98.85714285714286
99.0204081632653
99.14285714285714
98.91836734693878
99.24489795918367
99.20408163265306
99.04081632653062
99.3061224489796
99.16326530612245
99.20408163265306
99.20408163265306
98.6734693877551
99.16326530612245
99.28571428571429
98.85714285714286
99.10204081632654
99.20408163265306
99.0
99.20408163265306
99.20408163265306
99.3061224489796
99.22448979591837
99.16326530612245
99.26530612244898
99.26530612244898
99.18367346938776
98.9795918367347
99.08163265306122
99.04081632653062
99.20408163265306
99.16326530612245
99.18367346938776
99.22448979591837
99.08163265306122
99.16326530612245
99.22448979591837
99.06122448979592
99.10204081632654
99.12244897959184
99.18367346938776
99.26530612244898
99.06122448979592
99.22448979591837
99.16326530612245
99.24489795918367
99.18367346938776
99.0
99.16326530612245
99.20408163265306
99.06122448979592
99.08163265306122
99.16326530612245
99.06122448979592
99.20408163265306
99.0204081632653
98.93877551020408
99.18367346938776
99.20408163265306
99.12244897959184
99.04081632653062
99.16326530612245
99.16326530612245
99.12244897959184
99.04081632653062
99.24489795918367
99.18367346938776
99.18367346938776
98.61224489795919
99.16326530612245
99.18367346938776
99.16326530612245
99.18367346938776
99.08163265306122
99.20408163265306
99.08163265306122
97.48979591836735
99.14285714285714
99.20408163265306
99.16326530612245
99.16326530612245
99.08163265306122
99.0
99.14285714285714
99.0
99.18367346938776
99.08163265306122
99.12244897959184
96.24489795918367
99.04081632653062
99.22448979591837
99.16326530612245
98.22448979591837
99.14285714285714
99.16326530612245
99.12244897959184
98.9795918367347
Train Losses_PPSTD:
6.771491084474169
4.690938846543649
3.7424870130411043
3.2758456811265417
2.9234486752279296
2.7061358654811847
2.5579515631205836
2.421054576061905
2.346402308794917
2.2500568149110665
2.167519248428567
2.0919030285993747
2.063155916425299
2.0075262586854983
1.9581175508165498
1.9368338230817033
1.8519456620953174
1.8396754478921695
1.8177290097895586
1.7396067615431183
1.7346285448825047
1.7483902038707677
1.7041280147146554
1.69236901736468
1.6716819405903274
1.6640886175250174
1.6190515813466064
1.6346833928194406
1.5873279091915653
1.6119361906913556
1.5603132773974895
1.5447196932645302
1.5391138428640783
1.5439741392246835
1.5334652380484535
1.4988170517429318
1.4864946711793239
1.5016114783773618
1.48215917677643
1.4694003347335682
1.4759956392532882
1.4423290608436652
1.4528828658584951
1.4584471337510267
1.4332757445605087
1.4381932144331862
1.4341506722786683
1.404512034936132
1.417645644960876
1.3961427992634454
1.3818369524541472
1.3953283265033198
1.3556058208518404
1.3757743086411724
1.3598146024876363
1.3813673916363507
1.34602498910865
1.3551049760757312
1.3685923091732726
1.3450466927842566
1.336569417141617
1.295817322439077
1.3288660806956165
1.3197850408637488
1.3072407332245184
1.3176452244127457
1.3375504897704278
1.3161276011842333
1.2997568820725378
1.3109106874326923
1.2890919029608412
1.306087851858
1.2950902645233422
1.2729691388655682
1.2808858645483634
1.284714861180275
1.2805650706888982
1.2713709241516735
1.2906303493483073
1.2742904694226322
1.2828078383120434
1.2507953655615491
1.2379022783162643
1.2393966421511013
1.258566640208831
1.1743344057822713
1.170462080271529
1.1520945246643646
1.1411331331903662
1.1349402812131988
1.1524513588007268
1.1427168409191832
1.1511574152537754
1.1571988992093256
1.1371405962674332
1.1266344660016607
1.1078592693909959
1.154574798105757
1.1155812890189034
1.1407292358312244
1.125109101342738
1.0931446659877766
1.068749666992499
1.0774337054828165
1.0752834236239552
1.0576938355837897
1.0701735727154478
1.0740215251466623
1.0592669769000729
1.0579580691465484
1.075189850281696
1.0642620726716066
1.0590077020267008
1.0663792868049777
1.0549279106532172
1.0568851079746169
1.0575718654418478
1.0474199638839365
1.0248690811260102
1.0432246401497642
1.0548598049333422
1.0407491760976808
1.0193814413471054
1.0435768600942095
1.0284105540016997
1.0348315900407796
1.0252852007946538
1.0433161187797524
1.0199659857457999
1.0246405850902591
1.0441365204955677
1.0466927671849553
1.0338544739787154
1.0213017474805648
1.0052141256443614
1.0141052419729204
1.0199321384541147
1.0110966316951606
1.007192330930393
0.9929494349254464
1.0124767839526296
1.0027104499944792
1.0058252040151257
1.0038929521655202
1.0081512818044547
0.9957914090643124
1.0022911456027461
0.9929195581580738
1.003737065034427
0.9986833726490899
1.0090781328907514
1.0228388082042728
1.0144864769649227
1.0047817929840643
0.9900061912369797
1.0004984727823352
1.0137161999332662
0.9813556003501047
0.9989076127116256
1.0029740981666408
1.0080728984921736
0.9972917110787883
1.0080233447336246
0.9973546597561406
1.0070366084540898
1.006935924329841
0.9754593385690851
0.984000068850837
0.9958509392641028
0.9922728704224523
1.0080913421294433
1.0113876645280042
0.9907654212862688
0.9891328181747793
0.9851610070831922
1.0022938232171639
0.9999607021676555
0.974830666241771
1.0151618125904405
1.0168564815076377
0.9899153839116889
0.9898780835613218
0.9884815587802809
0.982491184212376
1.006220677684417
0.9848218131134878
0.9785581427343385
0.999842610338339
1.0041422991988957
1.0026502848853176
1.0024338380379858
0.9779485219421609
0.9904522342376042
1.0079575180798857
0.9907284837422496
1.0047830933523596
0.9855349884088811
0.9930069678587399
1.00880020492626
0.9836037525560696

Validation Losses_PPSTD:
4.278163533113441
2.4913172270327197
1.9203579277894935
1.5982213063142738
1.2594126490184239
1.2146109445727602
1.130543495294999
0.9939849006886385
0.92432631473152
0.8611673206212569
0.8352408723441922
0.9271922942570278
0.7490218839840013
0.7683157445946518
0.6521673055084384
0.6786112279308085
0.648514521365263
0.7477060072762626
0.6276899112000758
0.6963162143376409
0.5518029143858929
0.5677760268230827
0.5475000600425565
0.5916352625282443
0.5649473826739253
0.4900674328998644
0.5034252159692804
0.5288236765472256
0.5144417692690479
0.473458181498002
0.5322600214335383
0.5012018265529554
0.5004454424429913
0.4784509669517984
0.42121313824945567
0.4899393922942025
0.44748446255314106
0.48749985578108807
0.47143493428522226
0.4555574254600369
0.43298782480006315
0.45239745760450556
0.43016836341546505
0.4516154869478576
0.41687347210183434
0.47003189641602183
0.45260750721911996
0.4992598112991878
0.4471515392284004
0.4213711279752303
0.45257270847048076
0.4287583678109305
0.46353542449522994
0.4075466498550104
0.4103919841805283
0.4404811573515133
0.40947010086507213
0.4334950557047007
0.41778055487846844
0.4041778036282987
0.37616461812233437
0.42167251523660154
0.4725332613380588
0.45526805121071484
0.46645582812173025
0.3982755537908904
0.447278653383255
0.46050969221154037
0.3721828690353705
0.4636195002769937
0.4408620372840336
0.4443642004655332
0.41824841501761456
0.4366083423702084
0.41919061247183353
0.43340321545698207
0.40636981803543715
0.4591047008670106
0.4655794113509509
0.4368388167935975
0.39098695915572496
0.4202644013871952
0.41180042709623066
0.4413930668636244
0.4950153900165947
0.3847198787757329
0.3817318398368602
0.40116892055589326
0.37695519486252144
0.3943120731869522
0.4094593969899781
0.4033241023092854
0.4136317678373687
0.3801930726304346
0.39115498248411684
0.43564933302451153
0.38317815318399545
0.39218433307141676
0.4022428769238141
0.4245061676112973
0.39547057159092963
0.388744921392324
0.3672680762592627
0.36559962209390134
0.38673430695825695
0.3718737067008505
0.3887739243312758
0.4009052671461689
0.381624028925993
0.39928324387998
0.36907951758832347
0.38363473425106126
0.40103571777441066
0.3947928375127364
0.3889618871163349
0.3957095103117884
0.38403322292833914
0.3917847401998481
0.39746854368521245
0.40555667349270413
0.3938120578259838
0.40183165044200664
0.4097210703577314
0.40395917821903615
0.3966498118274066
0.4060618935555828
0.4219752655710493
0.39030668832817855
0.392519860316296
0.4011339707277259
0.39797857476740467
0.3955093217382626
0.42101247777744216
0.40311631151608057
0.4110894343074487
0.4120355283240883
0.39958173282292425
0.40952784861837116
0.4118391087833716
0.41095667676049835
0.406174317890284
0.40842008016547376
0.41911379006444194
0.4023802252448335
0.40093912664724857
0.40629084343812905
0.406545211733604
0.4061568175529947
0.40854576692289235
0.4012558750473723
0.3989491439838799
0.40001022567554395
0.40759100218208466
0.41128485540954435
0.4061650228257082
0.39827698087205693
0.4033572064857094
0.3994706533636366
0.41933413308493944
0.4006588513510568
0.3900910011846192
0.40956253489669486
0.411585439370603
0.41199621312472284
0.4109444701428316
0.41073661011092516
0.4042610074306021
0.4029177419993342
0.41403914098836936
0.40864028706842537
0.40334328651428225
0.42140451533453804
0.4093168875879171
0.4054835645276673
0.405568774403358
0.40528624444591754
0.4038126950361291
0.4041115099799876
0.4059917010093222
0.4075741571309615
0.418652523001846
0.41159182331999955
0.4088823886063634
0.40892674721017175
0.4118874934011576
0.41762656523256886
0.41206626736387914
0.41158472530695855
0.41099066427775793
0.4066691246324656
0.409201161764106
0.4113212576934269
0.4077108736670747
0.4205816863994209
0.4208270384827439
0.4117627989272682
0.4192631060979804
0.41251102591047484
0.4120693516974546
0.4051011438029153

Train Accuracies_PPSTD:
11.900874635568513
32.478134110787174
46.62390670553936
54.06997084548105
60.029154518950435
63.714285714285715
66.30903790087464
68.72303206997084
69.74927113702624
71.22448979591837
72.58309037900875
73.40524781341108
73.77259475218659
74.37900874635568
75.55685131195335
75.70262390670554
76.92711370262391
76.77551020408163
77.20116618075802
77.93586005830903
78.50145772594752
78.00583090379008
78.54227405247813
78.69970845481049
78.932944606414
79.70845481049562
79.87755102040816
79.94169096209913
80.05247813411079
79.69679300291546
80.96209912536443
80.76967930029154
81.3061224489796
81.10204081632654
81.53935860058309
81.84839650145773
81.88921282798835
82.22157434402332
82.34985422740525
82.74052478134111
82.53061224489795
83.0204081632653
82.90379008746356
82.6064139941691
82.93877551020408
82.81049562682216
83.00874635568513
83.8192419825073
83.28279883381924
83.36443148688046
83.91253644314868
84.00583090379008
84.39067055393586
84.02915451895043
84.17492711370262
83.93002915451895
84.62390670553935
84.05247813411079
83.91836734693878
84.11661807580175
84.61224489795919
84.80466472303208
84.02332361516035
84.43731778425656
85.13702623906705
84.90962099125365
84.77551020408163
85.07288629737609
84.87463556851311
85.0204081632653
85.21282798833819
84.94460641399417
85.14285714285714
85.51020408163265
85.72594752186589
85.52186588921283
85.18950437317784
85.17201166180757
85.24781341107872
85.91836734693878
84.89795918367346
85.95918367346938
85.60932944606414
85.85422740524781
86.01166180758017
87.25947521865889
87.12536443148689
87.82507288629738
88.0466472303207
87.94752186588921
87.82507288629738
87.79008746355684
87.4868804664723
87.5801749271137
87.84256559766764
87.75510204081633
87.91836734693878
87.70845481049562
88.11078717201165
87.80174927113703
88.12244897959184
88.57142857142857
88.90962099125365
88.53644314868805
88.9737609329446
88.84548104956268
88.78134110787173
88.92711370262391
89.24198250728863
89.45189504373178
88.98542274052478
89.18367346938776
89.00874635568513
88.9795918367347
89.29446064139941
89.13702623906705
89.33527696793003
89.32361516034986
89.46938775510205
89.34110787172011
89.43440233236151
89.40524781341108
89.6734693877551
89.55685131195335
89.54518950437318
89.8134110787172
89.56851311953353
89.52769679300292
89.70845481049562
89.80174927113703
89.60932944606414
89.19533527696792
89.533527696793
89.91253644314868
90.11078717201165
89.94169096209913
89.85422740524781
89.91836734693878
90.1807580174927
90.2798833819242
89.88921282798835
90.29737609329446
89.9067055393586
90.33236151603498
90.30903790087464
90.134110787172
90.10495626822157
90.25072886297376
89.98833819241983
90.27405247813411
89.68513119533527
90.06997084548105
89.98833819241983
90.23906705539359
89.74344023323616
90.27405247813411
89.79008746355684
90.31486880466473
90.33236151603498
89.94169096209913
90.17492711370262
90.07580174927114
90.00583090379008
90.1865889212828
90.20408163265306
90.20991253644316
90.50145772594752
90.48979591836735
90.30903790087464
90.74052478134111
90.16909620991254
90.29737609329446
90.35568513119533
90.19825072886297
90.5597667638484
90.16326530612245
90.12827988338192
90.58309037900875
90.134110787172
89.93586005830903
90.1399416909621
90.35568513119533
90.51895043731778
90.47813411078717
90.30903790087464
90.47813411078717
90.5597667638484
90.51895043731778
90.134110787172
90.28571428571429
90.08746355685132
90.12827988338192
90.03498542274052
90.12244897959184
90.85131195335276
90.39650145772595
90.45481049562682
90.600583090379
90.17492711370262
90.466472303207

Validation Accuracies_PPSTD:
46.16326530612245
79.95918367346938
88.87755102040816
93.44897959183673
95.16326530612245
93.93877551020408
96.77551020408163
98.3061224489796
95.9795918367347
98.0204081632653
97.91836734693878
98.38775510204081
96.63265306122449
96.36734693877551
98.75510204081633
98.71428571428571
98.57142857142857
97.89795918367346
98.81632653061224
98.75510204081633
98.6734693877551
99.08163265306122
98.65306122448979
98.44897959183673
98.85714285714286
98.9795918367347
98.81632653061224
98.28571428571429
98.71428571428571
98.75510204081633
98.89795918367346
98.95918367346938
98.63265306122449
98.77551020408163
99.16326530612245
98.91836734693878
98.89795918367346
99.14285714285714
99.10204081632654
98.87755102040816
98.91836734693878
99.16326530612245
99.28571428571429
99.22448979591837
99.08163265306122
98.89795918367346
99.18367346938776
99.10204081632654
99.20408163265306
99.18367346938776
99.16326530612245
99.10204081632654
99.12244897959184
99.26530612244898
99.14285714285714
99.22448979591837
99.12244897959184
99.06122448979592
98.91836734693878
99.22448979591837
99.28571428571429
99.28571428571429
99.12244897959184
99.18367346938776
99.18367346938776
99.22448979591837
99.08163265306122
99.18367346938776
99.36734693877551
99.3265306122449
99.0
99.12244897959184
99.20408163265306
99.06122448979592
99.20408163265306
99.08163265306122
99.34693877551021
99.10204081632654
98.57142857142857
99.14285714285714
99.24489795918367
99.36734693877551
99.3061224489796
99.3061224489796
99.06122448979592
99.3061224489796
99.44897959183673
99.20408163265306
99.3061224489796
99.36734693877551
99.24489795918367
99.22448979591837
99.38775510204081
99.34693877551021
99.20408163265306
99.22448979591837
99.18367346938776
99.04081632653062
99.3061224489796
99.28571428571429
99.38775510204081
99.18367346938776
99.3061224489796
99.20408163265306
99.3265306122449
99.22448979591837
99.22448979591837
99.26530612244898
99.22448979591837
99.18367346938776
99.3061224489796
99.3061224489796
99.3061224489796
99.3265306122449
99.20408163265306
99.24489795918367
99.22448979591837
99.28571428571429
99.3061224489796
99.3061224489796
99.24489795918367
99.20408163265306
99.20408163265306
99.18367346938776
99.24489795918367
99.26530612244898
99.18367346938776
99.28571428571429
99.26530612244898
99.18367346938776
99.28571428571429
99.20408163265306
99.26530612244898
99.20408163265306
99.14285714285714
99.24489795918367
99.22448979591837
99.22448979591837
99.18367346938776
99.16326530612245
99.22448979591837
99.18367346938776
99.18367346938776
99.18367346938776
99.18367346938776
99.18367346938776
99.24489795918367
99.16326530612245
99.20408163265306
99.22448979591837
99.26530612244898
99.24489795918367
99.22448979591837
99.16326530612245
99.20408163265306
99.20408163265306
99.24489795918367
99.24489795918367
99.20408163265306
99.20408163265306
99.22448979591837
99.16326530612245
99.16326530612245
99.14285714285714
99.16326530612245
99.20408163265306
99.18367346938776
99.18367346938776
99.18367346938776
99.18367346938776
99.22448979591837
99.18367346938776
99.18367346938776
99.28571428571429
99.20408163265306
99.20408163265306
99.20408163265306
99.16326530612245
99.20408163265306
99.18367346938776
99.20408163265306
99.18367346938776
99.18367346938776
99.18367346938776
99.18367346938776
99.16326530612245
99.16326530612245
99.16326530612245
99.18367346938776
99.24489795918367
99.14285714285714
99.18367346938776
99.20408163265306
99.16326530612245
99.18367346938776
99.18367346938776
99.16326530612245
99.18367346938776
99.20408163265306
99.20408163265306
